"('values__variance_larger_than_standard_deviation',)","('values__has_duplicate_max',)","('values__has_duplicate_min',)","('values__has_duplicate',)","('values__sum_values',)","('values__abs_energy',)","('values__mean_abs_change',)","('values__mean_change',)","('values__mean_second_derivative_central',)","('values__median',)","('values__mean',)","('values__length',)","('values__standard_deviation',)","('values__variation_coefficient',)","('values__variance',)","('values__skewness',)","('values__kurtosis',)","('values__root_mean_square',)","('values__absolute_sum_of_changes',)","('values__longest_strike_below_mean',)","('values__longest_strike_above_mean',)","('values__count_above_mean',)","('values__count_below_mean',)","('values__last_location_of_maximum',)","('values__first_location_of_maximum',)","('values__last_location_of_minimum',)","('values__first_location_of_minimum',)","('values__percentage_of_reoccurring_values_to_all_values',)","('values__percentage_of_reoccurring_datapoints_to_all_datapoints',)","('values__sum_of_reoccurring_values',)","('values__sum_of_reoccurring_data_points',)","('values__ratio_value_number_to_time_series_length',)","('values__sample_entropy',)","('values__maximum',)","('values__minimum',)","('values__benford_correlation',)","('values__time_reversal_asymmetry_statistic__lag_1',)","('values__time_reversal_asymmetry_statistic__lag_2',)","('values__time_reversal_asymmetry_statistic__lag_3',)","('values__c3__lag_1',)","('values__c3__lag_2',)","('values__c3__lag_3',)","('values__cid_ce__normalize_True',)","('values__cid_ce__normalize_False',)","('values__symmetry_looking__r_0.0',)","('values__symmetry_looking__r_0.05',)","('values__symmetry_looking__r_0.1',)","('values__symmetry_looking__r_0.15000000000000002',)","('values__symmetry_looking__r_0.2',)","('values__symmetry_looking__r_0.25',)","('values__symmetry_looking__r_0.30000000000000004',)","('values__symmetry_looking__r_0.35000000000000003',)","('values__symmetry_looking__r_0.4',)","('values__symmetry_looking__r_0.45',)","('values__symmetry_looking__r_0.5',)","('values__symmetry_looking__r_0.55',)","('values__symmetry_looking__r_0.6000000000000001',)","('values__symmetry_looking__r_0.65',)","('values__symmetry_looking__r_0.7000000000000001',)","('values__symmetry_looking__r_0.75',)","('values__symmetry_looking__r_0.8',)","('values__symmetry_looking__r_0.8500000000000001',)","('values__symmetry_looking__r_0.9',)","('values__symmetry_looking__r_0.9500000000000001',)","('values__large_standard_deviation__r_0.05',)","('values__large_standard_deviation__r_0.1',)","('values__large_standard_deviation__r_0.15000000000000002',)","('values__large_standard_deviation__r_0.2',)","('values__large_standard_deviation__r_0.25',)","('values__large_standard_deviation__r_0.30000000000000004',)","('values__large_standard_deviation__r_0.35000000000000003',)","('values__large_standard_deviation__r_0.4',)","('values__large_standard_deviation__r_0.45',)","('values__large_standard_deviation__r_0.5',)","('values__large_standard_deviation__r_0.55',)","('values__large_standard_deviation__r_0.6000000000000001',)","('values__large_standard_deviation__r_0.65',)","('values__large_standard_deviation__r_0.7000000000000001',)","('values__large_standard_deviation__r_0.75',)","('values__large_standard_deviation__r_0.8',)","('values__large_standard_deviation__r_0.8500000000000001',)","('values__large_standard_deviation__r_0.9',)","('values__large_standard_deviation__r_0.9500000000000001',)","('values__quantile__q_0.1',)","('values__quantile__q_0.2',)","('values__quantile__q_0.3',)","('values__quantile__q_0.4',)","('values__quantile__q_0.6',)","('values__quantile__q_0.7',)","('values__quantile__q_0.8',)","('values__quantile__q_0.9',)","('values__autocorrelation__lag_0',)","('values__autocorrelation__lag_1',)","('values__autocorrelation__lag_2',)","('values__autocorrelation__lag_3',)","('values__autocorrelation__lag_4',)","('values__autocorrelation__lag_5',)","('values__autocorrelation__lag_6',)","('values__autocorrelation__lag_7',)","('values__autocorrelation__lag_8',)","('values__autocorrelation__lag_9',)","('values__agg_autocorrelation__f_agg_""mean""__maxlag_40',)","('values__agg_autocorrelation__f_agg_""median""__maxlag_40',)","('values__agg_autocorrelation__f_agg_""var""__maxlag_40',)","('values__partial_autocorrelation__lag_0',)","('values__partial_autocorrelation__lag_1',)","('values__partial_autocorrelation__lag_2',)","('values__partial_autocorrelation__lag_3',)","('values__partial_autocorrelation__lag_4',)","('values__partial_autocorrelation__lag_5',)","('values__partial_autocorrelation__lag_6',)","('values__partial_autocorrelation__lag_7',)","('values__partial_autocorrelation__lag_8',)","('values__partial_autocorrelation__lag_9',)","('values__number_cwt_peaks__n_1',)","('values__number_cwt_peaks__n_5',)","('values__number_peaks__n_1',)","('values__number_peaks__n_3',)","('values__number_peaks__n_5',)","('values__number_peaks__n_10',)","('values__number_peaks__n_50',)","('values__binned_entropy__max_bins_10',)","('values__index_mass_quantile__q_0.1',)","('values__index_mass_quantile__q_0.2',)","('values__index_mass_quantile__q_0.3',)","('values__index_mass_quantile__q_0.4',)","('values__index_mass_quantile__q_0.6',)","('values__index_mass_quantile__q_0.7',)","('values__index_mass_quantile__q_0.8',)","('values__index_mass_quantile__q_0.9',)","('values__cwt_coefficients__coeff_0__w_2__widths_(2, 5, 10, 20)',)","('values__cwt_coefficients__coeff_0__w_5__widths_(2, 5, 10, 20)',)","('values__cwt_coefficients__coeff_0__w_10__widths_(2, 5, 10, 20)',)","('values__cwt_coefficients__coeff_0__w_20__widths_(2, 5, 10, 20)',)","('values__cwt_coefficients__coeff_1__w_2__widths_(2, 5, 10, 20)',)","('values__cwt_coefficients__coeff_1__w_5__widths_(2, 5, 10, 20)',)","('values__cwt_coefficients__coeff_1__w_10__widths_(2, 5, 10, 20)',)","('values__cwt_coefficients__coeff_1__w_20__widths_(2, 5, 10, 20)',)","('values__cwt_coefficients__coeff_2__w_2__widths_(2, 5, 10, 20)',)","('values__cwt_coefficients__coeff_2__w_5__widths_(2, 5, 10, 20)',)","('values__cwt_coefficients__coeff_2__w_10__widths_(2, 5, 10, 20)',)","('values__cwt_coefficients__coeff_2__w_20__widths_(2, 5, 10, 20)',)","('values__cwt_coefficients__coeff_3__w_2__widths_(2, 5, 10, 20)',)","('values__cwt_coefficients__coeff_3__w_5__widths_(2, 5, 10, 20)',)","('values__cwt_coefficients__coeff_3__w_10__widths_(2, 5, 10, 20)',)","('values__cwt_coefficients__coeff_3__w_20__widths_(2, 5, 10, 20)',)","('values__cwt_coefficients__coeff_4__w_2__widths_(2, 5, 10, 20)',)","('values__cwt_coefficients__coeff_4__w_5__widths_(2, 5, 10, 20)',)","('values__cwt_coefficients__coeff_4__w_10__widths_(2, 5, 10, 20)',)","('values__cwt_coefficients__coeff_4__w_20__widths_(2, 5, 10, 20)',)","('values__cwt_coefficients__coeff_5__w_2__widths_(2, 5, 10, 20)',)","('values__cwt_coefficients__coeff_5__w_5__widths_(2, 5, 10, 20)',)","('values__cwt_coefficients__coeff_5__w_10__widths_(2, 5, 10, 20)',)","('values__cwt_coefficients__coeff_5__w_20__widths_(2, 5, 10, 20)',)","('values__cwt_coefficients__coeff_6__w_2__widths_(2, 5, 10, 20)',)","('values__cwt_coefficients__coeff_6__w_5__widths_(2, 5, 10, 20)',)","('values__cwt_coefficients__coeff_6__w_10__widths_(2, 5, 10, 20)',)","('values__cwt_coefficients__coeff_6__w_20__widths_(2, 5, 10, 20)',)","('values__cwt_coefficients__coeff_7__w_2__widths_(2, 5, 10, 20)',)","('values__cwt_coefficients__coeff_7__w_5__widths_(2, 5, 10, 20)',)","('values__cwt_coefficients__coeff_7__w_10__widths_(2, 5, 10, 20)',)","('values__cwt_coefficients__coeff_7__w_20__widths_(2, 5, 10, 20)',)","('values__cwt_coefficients__coeff_8__w_2__widths_(2, 5, 10, 20)',)","('values__cwt_coefficients__coeff_8__w_5__widths_(2, 5, 10, 20)',)","('values__cwt_coefficients__coeff_8__w_10__widths_(2, 5, 10, 20)',)","('values__cwt_coefficients__coeff_8__w_20__widths_(2, 5, 10, 20)',)","('values__cwt_coefficients__coeff_9__w_2__widths_(2, 5, 10, 20)',)","('values__cwt_coefficients__coeff_9__w_5__widths_(2, 5, 10, 20)',)","('values__cwt_coefficients__coeff_9__w_10__widths_(2, 5, 10, 20)',)","('values__cwt_coefficients__coeff_9__w_20__widths_(2, 5, 10, 20)',)","('values__cwt_coefficients__coeff_10__w_2__widths_(2, 5, 10, 20)',)","('values__cwt_coefficients__coeff_10__w_5__widths_(2, 5, 10, 20)',)","('values__cwt_coefficients__coeff_10__w_10__widths_(2, 5, 10, 20)',)","('values__cwt_coefficients__coeff_10__w_20__widths_(2, 5, 10, 20)',)","('values__cwt_coefficients__coeff_11__w_2__widths_(2, 5, 10, 20)',)","('values__cwt_coefficients__coeff_11__w_5__widths_(2, 5, 10, 20)',)","('values__cwt_coefficients__coeff_11__w_10__widths_(2, 5, 10, 20)',)","('values__cwt_coefficients__coeff_11__w_20__widths_(2, 5, 10, 20)',)","('values__cwt_coefficients__coeff_12__w_2__widths_(2, 5, 10, 20)',)","('values__cwt_coefficients__coeff_12__w_5__widths_(2, 5, 10, 20)',)","('values__cwt_coefficients__coeff_12__w_10__widths_(2, 5, 10, 20)',)","('values__cwt_coefficients__coeff_12__w_20__widths_(2, 5, 10, 20)',)","('values__cwt_coefficients__coeff_13__w_2__widths_(2, 5, 10, 20)',)","('values__cwt_coefficients__coeff_13__w_5__widths_(2, 5, 10, 20)',)","('values__cwt_coefficients__coeff_13__w_10__widths_(2, 5, 10, 20)',)","('values__cwt_coefficients__coeff_13__w_20__widths_(2, 5, 10, 20)',)","('values__cwt_coefficients__coeff_14__w_2__widths_(2, 5, 10, 20)',)","('values__cwt_coefficients__coeff_14__w_5__widths_(2, 5, 10, 20)',)","('values__cwt_coefficients__coeff_14__w_10__widths_(2, 5, 10, 20)',)","('values__cwt_coefficients__coeff_14__w_20__widths_(2, 5, 10, 20)',)","('values__spkt_welch_density__coeff_2',)","('values__spkt_welch_density__coeff_5',)","('values__spkt_welch_density__coeff_8',)","('values__ar_coefficient__coeff_0__k_10',)","('values__ar_coefficient__coeff_1__k_10',)","('values__ar_coefficient__coeff_2__k_10',)","('values__ar_coefficient__coeff_3__k_10',)","('values__ar_coefficient__coeff_4__k_10',)","('values__ar_coefficient__coeff_5__k_10',)","('values__ar_coefficient__coeff_6__k_10',)","('values__ar_coefficient__coeff_7__k_10',)","('values__ar_coefficient__coeff_8__k_10',)","('values__ar_coefficient__coeff_9__k_10',)","('values__ar_coefficient__coeff_10__k_10',)","('values__change_quantiles__f_agg_""mean""__isabs_False__qh_0.2__ql_0.0',)","('values__change_quantiles__f_agg_""var""__isabs_False__qh_0.2__ql_0.0',)","('values__change_quantiles__f_agg_""mean""__isabs_True__qh_0.2__ql_0.0',)","('values__change_quantiles__f_agg_""var""__isabs_True__qh_0.2__ql_0.0',)","('values__change_quantiles__f_agg_""mean""__isabs_False__qh_0.4__ql_0.0',)","('values__change_quantiles__f_agg_""var""__isabs_False__qh_0.4__ql_0.0',)","('values__change_quantiles__f_agg_""mean""__isabs_True__qh_0.4__ql_0.0',)","('values__change_quantiles__f_agg_""var""__isabs_True__qh_0.4__ql_0.0',)","('values__change_quantiles__f_agg_""mean""__isabs_False__qh_0.6__ql_0.0',)","('values__change_quantiles__f_agg_""var""__isabs_False__qh_0.6__ql_0.0',)","('values__change_quantiles__f_agg_""mean""__isabs_True__qh_0.6__ql_0.0',)","('values__change_quantiles__f_agg_""var""__isabs_True__qh_0.6__ql_0.0',)","('values__change_quantiles__f_agg_""mean""__isabs_False__qh_0.8__ql_0.0',)","('values__change_quantiles__f_agg_""var""__isabs_False__qh_0.8__ql_0.0',)","('values__change_quantiles__f_agg_""mean""__isabs_True__qh_0.8__ql_0.0',)","('values__change_quantiles__f_agg_""var""__isabs_True__qh_0.8__ql_0.0',)","('values__change_quantiles__f_agg_""mean""__isabs_False__qh_1.0__ql_0.0',)","('values__change_quantiles__f_agg_""var""__isabs_False__qh_1.0__ql_0.0',)","('values__change_quantiles__f_agg_""mean""__isabs_True__qh_1.0__ql_0.0',)","('values__change_quantiles__f_agg_""var""__isabs_True__qh_1.0__ql_0.0',)","('values__change_quantiles__f_agg_""mean""__isabs_False__qh_0.4__ql_0.2',)","('values__change_quantiles__f_agg_""var""__isabs_False__qh_0.4__ql_0.2',)","('values__change_quantiles__f_agg_""mean""__isabs_True__qh_0.4__ql_0.2',)","('values__change_quantiles__f_agg_""var""__isabs_True__qh_0.4__ql_0.2',)","('values__change_quantiles__f_agg_""mean""__isabs_False__qh_0.6__ql_0.2',)","('values__change_quantiles__f_agg_""var""__isabs_False__qh_0.6__ql_0.2',)","('values__change_quantiles__f_agg_""mean""__isabs_True__qh_0.6__ql_0.2',)","('values__change_quantiles__f_agg_""var""__isabs_True__qh_0.6__ql_0.2',)","('values__change_quantiles__f_agg_""mean""__isabs_False__qh_0.8__ql_0.2',)","('values__change_quantiles__f_agg_""var""__isabs_False__qh_0.8__ql_0.2',)","('values__change_quantiles__f_agg_""mean""__isabs_True__qh_0.8__ql_0.2',)","('values__change_quantiles__f_agg_""var""__isabs_True__qh_0.8__ql_0.2',)","('values__change_quantiles__f_agg_""mean""__isabs_False__qh_1.0__ql_0.2',)","('values__change_quantiles__f_agg_""var""__isabs_False__qh_1.0__ql_0.2',)","('values__change_quantiles__f_agg_""mean""__isabs_True__qh_1.0__ql_0.2',)","('values__change_quantiles__f_agg_""var""__isabs_True__qh_1.0__ql_0.2',)","('values__change_quantiles__f_agg_""mean""__isabs_False__qh_0.6__ql_0.4',)","('values__change_quantiles__f_agg_""var""__isabs_False__qh_0.6__ql_0.4',)","('values__change_quantiles__f_agg_""mean""__isabs_True__qh_0.6__ql_0.4',)","('values__change_quantiles__f_agg_""var""__isabs_True__qh_0.6__ql_0.4',)","('values__change_quantiles__f_agg_""mean""__isabs_False__qh_0.8__ql_0.4',)","('values__change_quantiles__f_agg_""var""__isabs_False__qh_0.8__ql_0.4',)","('values__change_quantiles__f_agg_""mean""__isabs_True__qh_0.8__ql_0.4',)","('values__change_quantiles__f_agg_""var""__isabs_True__qh_0.8__ql_0.4',)","('values__change_quantiles__f_agg_""mean""__isabs_False__qh_1.0__ql_0.4',)","('values__change_quantiles__f_agg_""var""__isabs_False__qh_1.0__ql_0.4',)","('values__change_quantiles__f_agg_""mean""__isabs_True__qh_1.0__ql_0.4',)","('values__change_quantiles__f_agg_""var""__isabs_True__qh_1.0__ql_0.4',)","('values__change_quantiles__f_agg_""mean""__isabs_False__qh_0.8__ql_0.6',)","('values__change_quantiles__f_agg_""var""__isabs_False__qh_0.8__ql_0.6',)","('values__change_quantiles__f_agg_""mean""__isabs_True__qh_0.8__ql_0.6',)","('values__change_quantiles__f_agg_""var""__isabs_True__qh_0.8__ql_0.6',)","('values__change_quantiles__f_agg_""mean""__isabs_False__qh_1.0__ql_0.6',)","('values__change_quantiles__f_agg_""var""__isabs_False__qh_1.0__ql_0.6',)","('values__change_quantiles__f_agg_""mean""__isabs_True__qh_1.0__ql_0.6',)","('values__change_quantiles__f_agg_""var""__isabs_True__qh_1.0__ql_0.6',)","('values__change_quantiles__f_agg_""mean""__isabs_False__qh_1.0__ql_0.8',)","('values__change_quantiles__f_agg_""var""__isabs_False__qh_1.0__ql_0.8',)","('values__change_quantiles__f_agg_""mean""__isabs_True__qh_1.0__ql_0.8',)","('values__change_quantiles__f_agg_""var""__isabs_True__qh_1.0__ql_0.8',)","('values__fft_coefficient__attr_""real""__coeff_0',)","('values__fft_coefficient__attr_""real""__coeff_1',)","('values__fft_coefficient__attr_""real""__coeff_2',)","('values__fft_coefficient__attr_""real""__coeff_3',)","('values__fft_coefficient__attr_""real""__coeff_4',)","('values__fft_coefficient__attr_""real""__coeff_5',)","('values__fft_coefficient__attr_""real""__coeff_6',)","('values__fft_coefficient__attr_""real""__coeff_7',)","('values__fft_coefficient__attr_""real""__coeff_8',)","('values__fft_coefficient__attr_""real""__coeff_9',)","('values__fft_coefficient__attr_""real""__coeff_10',)","('values__fft_coefficient__attr_""real""__coeff_11',)","('values__fft_coefficient__attr_""real""__coeff_12',)","('values__fft_coefficient__attr_""real""__coeff_13',)","('values__fft_coefficient__attr_""real""__coeff_14',)","('values__fft_coefficient__attr_""real""__coeff_15',)","('values__fft_coefficient__attr_""real""__coeff_16',)","('values__fft_coefficient__attr_""real""__coeff_17',)","('values__fft_coefficient__attr_""real""__coeff_18',)","('values__fft_coefficient__attr_""real""__coeff_19',)","('values__fft_coefficient__attr_""real""__coeff_20',)","('values__fft_coefficient__attr_""real""__coeff_21',)","('values__fft_coefficient__attr_""real""__coeff_22',)","('values__fft_coefficient__attr_""real""__coeff_23',)","('values__fft_coefficient__attr_""real""__coeff_24',)","('values__fft_coefficient__attr_""real""__coeff_25',)","('values__fft_coefficient__attr_""real""__coeff_26',)","('values__fft_coefficient__attr_""real""__coeff_27',)","('values__fft_coefficient__attr_""real""__coeff_28',)","('values__fft_coefficient__attr_""real""__coeff_29',)","('values__fft_coefficient__attr_""real""__coeff_30',)","('values__fft_coefficient__attr_""real""__coeff_31',)","('values__fft_coefficient__attr_""real""__coeff_32',)","('values__fft_coefficient__attr_""real""__coeff_33',)","('values__fft_coefficient__attr_""real""__coeff_34',)","('values__fft_coefficient__attr_""real""__coeff_35',)","('values__fft_coefficient__attr_""real""__coeff_36',)","('values__fft_coefficient__attr_""real""__coeff_37',)","('values__fft_coefficient__attr_""real""__coeff_38',)","('values__fft_coefficient__attr_""real""__coeff_39',)","('values__fft_coefficient__attr_""real""__coeff_40',)","('values__fft_coefficient__attr_""real""__coeff_41',)","('values__fft_coefficient__attr_""real""__coeff_42',)","('values__fft_coefficient__attr_""real""__coeff_43',)","('values__fft_coefficient__attr_""real""__coeff_44',)","('values__fft_coefficient__attr_""real""__coeff_45',)","('values__fft_coefficient__attr_""real""__coeff_46',)","('values__fft_coefficient__attr_""real""__coeff_47',)","('values__fft_coefficient__attr_""real""__coeff_48',)","('values__fft_coefficient__attr_""real""__coeff_49',)","('values__fft_coefficient__attr_""real""__coeff_50',)","('values__fft_coefficient__attr_""real""__coeff_51',)","('values__fft_coefficient__attr_""real""__coeff_52',)","('values__fft_coefficient__attr_""real""__coeff_53',)","('values__fft_coefficient__attr_""real""__coeff_54',)","('values__fft_coefficient__attr_""real""__coeff_55',)","('values__fft_coefficient__attr_""real""__coeff_56',)","('values__fft_coefficient__attr_""real""__coeff_57',)","('values__fft_coefficient__attr_""real""__coeff_58',)","('values__fft_coefficient__attr_""real""__coeff_59',)","('values__fft_coefficient__attr_""real""__coeff_60',)","('values__fft_coefficient__attr_""real""__coeff_61',)","('values__fft_coefficient__attr_""real""__coeff_62',)","('values__fft_coefficient__attr_""real""__coeff_63',)","('values__fft_coefficient__attr_""real""__coeff_64',)","('values__fft_coefficient__attr_""real""__coeff_65',)","('values__fft_coefficient__attr_""real""__coeff_66',)","('values__fft_coefficient__attr_""real""__coeff_67',)","('values__fft_coefficient__attr_""real""__coeff_68',)","('values__fft_coefficient__attr_""real""__coeff_69',)","('values__fft_coefficient__attr_""real""__coeff_70',)","('values__fft_coefficient__attr_""real""__coeff_71',)","('values__fft_coefficient__attr_""real""__coeff_72',)","('values__fft_coefficient__attr_""real""__coeff_73',)","('values__fft_coefficient__attr_""real""__coeff_74',)","('values__fft_coefficient__attr_""real""__coeff_75',)","('values__fft_coefficient__attr_""real""__coeff_76',)","('values__fft_coefficient__attr_""real""__coeff_77',)","('values__fft_coefficient__attr_""real""__coeff_78',)","('values__fft_coefficient__attr_""real""__coeff_79',)","('values__fft_coefficient__attr_""real""__coeff_80',)","('values__fft_coefficient__attr_""real""__coeff_81',)","('values__fft_coefficient__attr_""real""__coeff_82',)","('values__fft_coefficient__attr_""real""__coeff_83',)","('values__fft_coefficient__attr_""real""__coeff_84',)","('values__fft_coefficient__attr_""real""__coeff_85',)","('values__fft_coefficient__attr_""real""__coeff_86',)","('values__fft_coefficient__attr_""real""__coeff_87',)","('values__fft_coefficient__attr_""real""__coeff_88',)","('values__fft_coefficient__attr_""real""__coeff_89',)","('values__fft_coefficient__attr_""real""__coeff_90',)","('values__fft_coefficient__attr_""real""__coeff_91',)","('values__fft_coefficient__attr_""real""__coeff_92',)","('values__fft_coefficient__attr_""real""__coeff_93',)","('values__fft_coefficient__attr_""real""__coeff_94',)","('values__fft_coefficient__attr_""real""__coeff_95',)","('values__fft_coefficient__attr_""real""__coeff_96',)","('values__fft_coefficient__attr_""real""__coeff_97',)","('values__fft_coefficient__attr_""real""__coeff_98',)","('values__fft_coefficient__attr_""real""__coeff_99',)","('values__fft_coefficient__attr_""imag""__coeff_0',)","('values__fft_coefficient__attr_""imag""__coeff_1',)","('values__fft_coefficient__attr_""imag""__coeff_2',)","('values__fft_coefficient__attr_""imag""__coeff_3',)","('values__fft_coefficient__attr_""imag""__coeff_4',)","('values__fft_coefficient__attr_""imag""__coeff_5',)","('values__fft_coefficient__attr_""imag""__coeff_6',)","('values__fft_coefficient__attr_""imag""__coeff_7',)","('values__fft_coefficient__attr_""imag""__coeff_8',)","('values__fft_coefficient__attr_""imag""__coeff_9',)","('values__fft_coefficient__attr_""imag""__coeff_10',)","('values__fft_coefficient__attr_""imag""__coeff_11',)","('values__fft_coefficient__attr_""imag""__coeff_12',)","('values__fft_coefficient__attr_""imag""__coeff_13',)","('values__fft_coefficient__attr_""imag""__coeff_14',)","('values__fft_coefficient__attr_""imag""__coeff_15',)","('values__fft_coefficient__attr_""imag""__coeff_16',)","('values__fft_coefficient__attr_""imag""__coeff_17',)","('values__fft_coefficient__attr_""imag""__coeff_18',)","('values__fft_coefficient__attr_""imag""__coeff_19',)","('values__fft_coefficient__attr_""imag""__coeff_20',)","('values__fft_coefficient__attr_""imag""__coeff_21',)","('values__fft_coefficient__attr_""imag""__coeff_22',)","('values__fft_coefficient__attr_""imag""__coeff_23',)","('values__fft_coefficient__attr_""imag""__coeff_24',)","('values__fft_coefficient__attr_""imag""__coeff_25',)","('values__fft_coefficient__attr_""imag""__coeff_26',)","('values__fft_coefficient__attr_""imag""__coeff_27',)","('values__fft_coefficient__attr_""imag""__coeff_28',)","('values__fft_coefficient__attr_""imag""__coeff_29',)","('values__fft_coefficient__attr_""imag""__coeff_30',)","('values__fft_coefficient__attr_""imag""__coeff_31',)","('values__fft_coefficient__attr_""imag""__coeff_32',)","('values__fft_coefficient__attr_""imag""__coeff_33',)","('values__fft_coefficient__attr_""imag""__coeff_34',)","('values__fft_coefficient__attr_""imag""__coeff_35',)","('values__fft_coefficient__attr_""imag""__coeff_36',)","('values__fft_coefficient__attr_""imag""__coeff_37',)","('values__fft_coefficient__attr_""imag""__coeff_38',)","('values__fft_coefficient__attr_""imag""__coeff_39',)","('values__fft_coefficient__attr_""imag""__coeff_40',)","('values__fft_coefficient__attr_""imag""__coeff_41',)","('values__fft_coefficient__attr_""imag""__coeff_42',)","('values__fft_coefficient__attr_""imag""__coeff_43',)","('values__fft_coefficient__attr_""imag""__coeff_44',)","('values__fft_coefficient__attr_""imag""__coeff_45',)","('values__fft_coefficient__attr_""imag""__coeff_46',)","('values__fft_coefficient__attr_""imag""__coeff_47',)","('values__fft_coefficient__attr_""imag""__coeff_48',)","('values__fft_coefficient__attr_""imag""__coeff_49',)","('values__fft_coefficient__attr_""imag""__coeff_50',)","('values__fft_coefficient__attr_""imag""__coeff_51',)","('values__fft_coefficient__attr_""imag""__coeff_52',)","('values__fft_coefficient__attr_""imag""__coeff_53',)","('values__fft_coefficient__attr_""imag""__coeff_54',)","('values__fft_coefficient__attr_""imag""__coeff_55',)","('values__fft_coefficient__attr_""imag""__coeff_56',)","('values__fft_coefficient__attr_""imag""__coeff_57',)","('values__fft_coefficient__attr_""imag""__coeff_58',)","('values__fft_coefficient__attr_""imag""__coeff_59',)","('values__fft_coefficient__attr_""imag""__coeff_60',)","('values__fft_coefficient__attr_""imag""__coeff_61',)","('values__fft_coefficient__attr_""imag""__coeff_62',)","('values__fft_coefficient__attr_""imag""__coeff_63',)","('values__fft_coefficient__attr_""imag""__coeff_64',)","('values__fft_coefficient__attr_""imag""__coeff_65',)","('values__fft_coefficient__attr_""imag""__coeff_66',)","('values__fft_coefficient__attr_""imag""__coeff_67',)","('values__fft_coefficient__attr_""imag""__coeff_68',)","('values__fft_coefficient__attr_""imag""__coeff_69',)","('values__fft_coefficient__attr_""imag""__coeff_70',)","('values__fft_coefficient__attr_""imag""__coeff_71',)","('values__fft_coefficient__attr_""imag""__coeff_72',)","('values__fft_coefficient__attr_""imag""__coeff_73',)","('values__fft_coefficient__attr_""imag""__coeff_74',)","('values__fft_coefficient__attr_""imag""__coeff_75',)","('values__fft_coefficient__attr_""imag""__coeff_76',)","('values__fft_coefficient__attr_""imag""__coeff_77',)","('values__fft_coefficient__attr_""imag""__coeff_78',)","('values__fft_coefficient__attr_""imag""__coeff_79',)","('values__fft_coefficient__attr_""imag""__coeff_80',)","('values__fft_coefficient__attr_""imag""__coeff_81',)","('values__fft_coefficient__attr_""imag""__coeff_82',)","('values__fft_coefficient__attr_""imag""__coeff_83',)","('values__fft_coefficient__attr_""imag""__coeff_84',)","('values__fft_coefficient__attr_""imag""__coeff_85',)","('values__fft_coefficient__attr_""imag""__coeff_86',)","('values__fft_coefficient__attr_""imag""__coeff_87',)","('values__fft_coefficient__attr_""imag""__coeff_88',)","('values__fft_coefficient__attr_""imag""__coeff_89',)","('values__fft_coefficient__attr_""imag""__coeff_90',)","('values__fft_coefficient__attr_""imag""__coeff_91',)","('values__fft_coefficient__attr_""imag""__coeff_92',)","('values__fft_coefficient__attr_""imag""__coeff_93',)","('values__fft_coefficient__attr_""imag""__coeff_94',)","('values__fft_coefficient__attr_""imag""__coeff_95',)","('values__fft_coefficient__attr_""imag""__coeff_96',)","('values__fft_coefficient__attr_""imag""__coeff_97',)","('values__fft_coefficient__attr_""imag""__coeff_98',)","('values__fft_coefficient__attr_""imag""__coeff_99',)","('values__fft_coefficient__attr_""abs""__coeff_0',)","('values__fft_coefficient__attr_""abs""__coeff_1',)","('values__fft_coefficient__attr_""abs""__coeff_2',)","('values__fft_coefficient__attr_""abs""__coeff_3',)","('values__fft_coefficient__attr_""abs""__coeff_4',)","('values__fft_coefficient__attr_""abs""__coeff_5',)","('values__fft_coefficient__attr_""abs""__coeff_6',)","('values__fft_coefficient__attr_""abs""__coeff_7',)","('values__fft_coefficient__attr_""abs""__coeff_8',)","('values__fft_coefficient__attr_""abs""__coeff_9',)","('values__fft_coefficient__attr_""abs""__coeff_10',)","('values__fft_coefficient__attr_""abs""__coeff_11',)","('values__fft_coefficient__attr_""abs""__coeff_12',)","('values__fft_coefficient__attr_""abs""__coeff_13',)","('values__fft_coefficient__attr_""abs""__coeff_14',)","('values__fft_coefficient__attr_""abs""__coeff_15',)","('values__fft_coefficient__attr_""abs""__coeff_16',)","('values__fft_coefficient__attr_""abs""__coeff_17',)","('values__fft_coefficient__attr_""abs""__coeff_18',)","('values__fft_coefficient__attr_""abs""__coeff_19',)","('values__fft_coefficient__attr_""abs""__coeff_20',)","('values__fft_coefficient__attr_""abs""__coeff_21',)","('values__fft_coefficient__attr_""abs""__coeff_22',)","('values__fft_coefficient__attr_""abs""__coeff_23',)","('values__fft_coefficient__attr_""abs""__coeff_24',)","('values__fft_coefficient__attr_""abs""__coeff_25',)","('values__fft_coefficient__attr_""abs""__coeff_26',)","('values__fft_coefficient__attr_""abs""__coeff_27',)","('values__fft_coefficient__attr_""abs""__coeff_28',)","('values__fft_coefficient__attr_""abs""__coeff_29',)","('values__fft_coefficient__attr_""abs""__coeff_30',)","('values__fft_coefficient__attr_""abs""__coeff_31',)","('values__fft_coefficient__attr_""abs""__coeff_32',)","('values__fft_coefficient__attr_""abs""__coeff_33',)","('values__fft_coefficient__attr_""abs""__coeff_34',)","('values__fft_coefficient__attr_""abs""__coeff_35',)","('values__fft_coefficient__attr_""abs""__coeff_36',)","('values__fft_coefficient__attr_""abs""__coeff_37',)","('values__fft_coefficient__attr_""abs""__coeff_38',)","('values__fft_coefficient__attr_""abs""__coeff_39',)","('values__fft_coefficient__attr_""abs""__coeff_40',)","('values__fft_coefficient__attr_""abs""__coeff_41',)","('values__fft_coefficient__attr_""abs""__coeff_42',)","('values__fft_coefficient__attr_""abs""__coeff_43',)","('values__fft_coefficient__attr_""abs""__coeff_44',)","('values__fft_coefficient__attr_""abs""__coeff_45',)","('values__fft_coefficient__attr_""abs""__coeff_46',)","('values__fft_coefficient__attr_""abs""__coeff_47',)","('values__fft_coefficient__attr_""abs""__coeff_48',)","('values__fft_coefficient__attr_""abs""__coeff_49',)","('values__fft_coefficient__attr_""abs""__coeff_50',)","('values__fft_coefficient__attr_""abs""__coeff_51',)","('values__fft_coefficient__attr_""abs""__coeff_52',)","('values__fft_coefficient__attr_""abs""__coeff_53',)","('values__fft_coefficient__attr_""abs""__coeff_54',)","('values__fft_coefficient__attr_""abs""__coeff_55',)","('values__fft_coefficient__attr_""abs""__coeff_56',)","('values__fft_coefficient__attr_""abs""__coeff_57',)","('values__fft_coefficient__attr_""abs""__coeff_58',)","('values__fft_coefficient__attr_""abs""__coeff_59',)","('values__fft_coefficient__attr_""abs""__coeff_60',)","('values__fft_coefficient__attr_""abs""__coeff_61',)","('values__fft_coefficient__attr_""abs""__coeff_62',)","('values__fft_coefficient__attr_""abs""__coeff_63',)","('values__fft_coefficient__attr_""abs""__coeff_64',)","('values__fft_coefficient__attr_""abs""__coeff_65',)","('values__fft_coefficient__attr_""abs""__coeff_66',)","('values__fft_coefficient__attr_""abs""__coeff_67',)","('values__fft_coefficient__attr_""abs""__coeff_68',)","('values__fft_coefficient__attr_""abs""__coeff_69',)","('values__fft_coefficient__attr_""abs""__coeff_70',)","('values__fft_coefficient__attr_""abs""__coeff_71',)","('values__fft_coefficient__attr_""abs""__coeff_72',)","('values__fft_coefficient__attr_""abs""__coeff_73',)","('values__fft_coefficient__attr_""abs""__coeff_74',)","('values__fft_coefficient__attr_""abs""__coeff_75',)","('values__fft_coefficient__attr_""abs""__coeff_76',)","('values__fft_coefficient__attr_""abs""__coeff_77',)","('values__fft_coefficient__attr_""abs""__coeff_78',)","('values__fft_coefficient__attr_""abs""__coeff_79',)","('values__fft_coefficient__attr_""abs""__coeff_80',)","('values__fft_coefficient__attr_""abs""__coeff_81',)","('values__fft_coefficient__attr_""abs""__coeff_82',)","('values__fft_coefficient__attr_""abs""__coeff_83',)","('values__fft_coefficient__attr_""abs""__coeff_84',)","('values__fft_coefficient__attr_""abs""__coeff_85',)","('values__fft_coefficient__attr_""abs""__coeff_86',)","('values__fft_coefficient__attr_""abs""__coeff_87',)","('values__fft_coefficient__attr_""abs""__coeff_88',)","('values__fft_coefficient__attr_""abs""__coeff_89',)","('values__fft_coefficient__attr_""abs""__coeff_90',)","('values__fft_coefficient__attr_""abs""__coeff_91',)","('values__fft_coefficient__attr_""abs""__coeff_92',)","('values__fft_coefficient__attr_""abs""__coeff_93',)","('values__fft_coefficient__attr_""abs""__coeff_94',)","('values__fft_coefficient__attr_""abs""__coeff_95',)","('values__fft_coefficient__attr_""abs""__coeff_96',)","('values__fft_coefficient__attr_""abs""__coeff_97',)","('values__fft_coefficient__attr_""abs""__coeff_98',)","('values__fft_coefficient__attr_""abs""__coeff_99',)","('values__fft_coefficient__attr_""angle""__coeff_0',)","('values__fft_coefficient__attr_""angle""__coeff_1',)","('values__fft_coefficient__attr_""angle""__coeff_2',)","('values__fft_coefficient__attr_""angle""__coeff_3',)","('values__fft_coefficient__attr_""angle""__coeff_4',)","('values__fft_coefficient__attr_""angle""__coeff_5',)","('values__fft_coefficient__attr_""angle""__coeff_6',)","('values__fft_coefficient__attr_""angle""__coeff_7',)","('values__fft_coefficient__attr_""angle""__coeff_8',)","('values__fft_coefficient__attr_""angle""__coeff_9',)","('values__fft_coefficient__attr_""angle""__coeff_10',)","('values__fft_coefficient__attr_""angle""__coeff_11',)","('values__fft_coefficient__attr_""angle""__coeff_12',)","('values__fft_coefficient__attr_""angle""__coeff_13',)","('values__fft_coefficient__attr_""angle""__coeff_14',)","('values__fft_coefficient__attr_""angle""__coeff_15',)","('values__fft_coefficient__attr_""angle""__coeff_16',)","('values__fft_coefficient__attr_""angle""__coeff_17',)","('values__fft_coefficient__attr_""angle""__coeff_18',)","('values__fft_coefficient__attr_""angle""__coeff_19',)","('values__fft_coefficient__attr_""angle""__coeff_20',)","('values__fft_coefficient__attr_""angle""__coeff_21',)","('values__fft_coefficient__attr_""angle""__coeff_22',)","('values__fft_coefficient__attr_""angle""__coeff_23',)","('values__fft_coefficient__attr_""angle""__coeff_24',)","('values__fft_coefficient__attr_""angle""__coeff_25',)","('values__fft_coefficient__attr_""angle""__coeff_26',)","('values__fft_coefficient__attr_""angle""__coeff_27',)","('values__fft_coefficient__attr_""angle""__coeff_28',)","('values__fft_coefficient__attr_""angle""__coeff_29',)","('values__fft_coefficient__attr_""angle""__coeff_30',)","('values__fft_coefficient__attr_""angle""__coeff_31',)","('values__fft_coefficient__attr_""angle""__coeff_32',)","('values__fft_coefficient__attr_""angle""__coeff_33',)","('values__fft_coefficient__attr_""angle""__coeff_34',)","('values__fft_coefficient__attr_""angle""__coeff_35',)","('values__fft_coefficient__attr_""angle""__coeff_36',)","('values__fft_coefficient__attr_""angle""__coeff_37',)","('values__fft_coefficient__attr_""angle""__coeff_38',)","('values__fft_coefficient__attr_""angle""__coeff_39',)","('values__fft_coefficient__attr_""angle""__coeff_40',)","('values__fft_coefficient__attr_""angle""__coeff_41',)","('values__fft_coefficient__attr_""angle""__coeff_42',)","('values__fft_coefficient__attr_""angle""__coeff_43',)","('values__fft_coefficient__attr_""angle""__coeff_44',)","('values__fft_coefficient__attr_""angle""__coeff_45',)","('values__fft_coefficient__attr_""angle""__coeff_46',)","('values__fft_coefficient__attr_""angle""__coeff_47',)","('values__fft_coefficient__attr_""angle""__coeff_48',)","('values__fft_coefficient__attr_""angle""__coeff_49',)","('values__fft_coefficient__attr_""angle""__coeff_50',)","('values__fft_coefficient__attr_""angle""__coeff_51',)","('values__fft_coefficient__attr_""angle""__coeff_52',)","('values__fft_coefficient__attr_""angle""__coeff_53',)","('values__fft_coefficient__attr_""angle""__coeff_54',)","('values__fft_coefficient__attr_""angle""__coeff_55',)","('values__fft_coefficient__attr_""angle""__coeff_56',)","('values__fft_coefficient__attr_""angle""__coeff_57',)","('values__fft_coefficient__attr_""angle""__coeff_58',)","('values__fft_coefficient__attr_""angle""__coeff_59',)","('values__fft_coefficient__attr_""angle""__coeff_60',)","('values__fft_coefficient__attr_""angle""__coeff_61',)","('values__fft_coefficient__attr_""angle""__coeff_62',)","('values__fft_coefficient__attr_""angle""__coeff_63',)","('values__fft_coefficient__attr_""angle""__coeff_64',)","('values__fft_coefficient__attr_""angle""__coeff_65',)","('values__fft_coefficient__attr_""angle""__coeff_66',)","('values__fft_coefficient__attr_""angle""__coeff_67',)","('values__fft_coefficient__attr_""angle""__coeff_68',)","('values__fft_coefficient__attr_""angle""__coeff_69',)","('values__fft_coefficient__attr_""angle""__coeff_70',)","('values__fft_coefficient__attr_""angle""__coeff_71',)","('values__fft_coefficient__attr_""angle""__coeff_72',)","('values__fft_coefficient__attr_""angle""__coeff_73',)","('values__fft_coefficient__attr_""angle""__coeff_74',)","('values__fft_coefficient__attr_""angle""__coeff_75',)","('values__fft_coefficient__attr_""angle""__coeff_76',)","('values__fft_coefficient__attr_""angle""__coeff_77',)","('values__fft_coefficient__attr_""angle""__coeff_78',)","('values__fft_coefficient__attr_""angle""__coeff_79',)","('values__fft_coefficient__attr_""angle""__coeff_80',)","('values__fft_coefficient__attr_""angle""__coeff_81',)","('values__fft_coefficient__attr_""angle""__coeff_82',)","('values__fft_coefficient__attr_""angle""__coeff_83',)","('values__fft_coefficient__attr_""angle""__coeff_84',)","('values__fft_coefficient__attr_""angle""__coeff_85',)","('values__fft_coefficient__attr_""angle""__coeff_86',)","('values__fft_coefficient__attr_""angle""__coeff_87',)","('values__fft_coefficient__attr_""angle""__coeff_88',)","('values__fft_coefficient__attr_""angle""__coeff_89',)","('values__fft_coefficient__attr_""angle""__coeff_90',)","('values__fft_coefficient__attr_""angle""__coeff_91',)","('values__fft_coefficient__attr_""angle""__coeff_92',)","('values__fft_coefficient__attr_""angle""__coeff_93',)","('values__fft_coefficient__attr_""angle""__coeff_94',)","('values__fft_coefficient__attr_""angle""__coeff_95',)","('values__fft_coefficient__attr_""angle""__coeff_96',)","('values__fft_coefficient__attr_""angle""__coeff_97',)","('values__fft_coefficient__attr_""angle""__coeff_98',)","('values__fft_coefficient__attr_""angle""__coeff_99',)","('values__fft_aggregated__aggtype_""centroid""',)","('values__fft_aggregated__aggtype_""variance""',)","('values__fft_aggregated__aggtype_""skew""',)","('values__fft_aggregated__aggtype_""kurtosis""',)","('values__value_count__value_0',)","('values__value_count__value_1',)","('values__value_count__value_-1',)","('values__range_count__max_1__min_-1',)","('values__range_count__max_0__min_1000000000000.0',)","('values__range_count__max_1000000000000.0__min_0',)","('values__approximate_entropy__m_2__r_0.1',)","('values__approximate_entropy__m_2__r_0.3',)","('values__approximate_entropy__m_2__r_0.5',)","('values__approximate_entropy__m_2__r_0.7',)","('values__approximate_entropy__m_2__r_0.9',)","('values__friedrich_coefficients__coeff_0__m_3__r_30',)","('values__friedrich_coefficients__coeff_1__m_3__r_30',)","('values__friedrich_coefficients__coeff_2__m_3__r_30',)","('values__friedrich_coefficients__coeff_3__m_3__r_30',)","('values__max_langevin_fixed_point__m_3__r_30',)","('values__linear_trend__attr_""pvalue""',)","('values__linear_trend__attr_""rvalue""',)","('values__linear_trend__attr_""intercept""',)","('values__linear_trend__attr_""slope""',)","('values__linear_trend__attr_""stderr""',)","('values__agg_linear_trend__attr_""rvalue""__chunk_len_5__f_agg_""max""',)","('values__agg_linear_trend__attr_""rvalue""__chunk_len_5__f_agg_""min""',)","('values__agg_linear_trend__attr_""rvalue""__chunk_len_5__f_agg_""mean""',)","('values__agg_linear_trend__attr_""rvalue""__chunk_len_5__f_agg_""var""',)","('values__agg_linear_trend__attr_""rvalue""__chunk_len_10__f_agg_""max""',)","('values__agg_linear_trend__attr_""rvalue""__chunk_len_10__f_agg_""min""',)","('values__agg_linear_trend__attr_""rvalue""__chunk_len_10__f_agg_""mean""',)","('values__agg_linear_trend__attr_""rvalue""__chunk_len_10__f_agg_""var""',)","('values__agg_linear_trend__attr_""rvalue""__chunk_len_50__f_agg_""max""',)","('values__agg_linear_trend__attr_""rvalue""__chunk_len_50__f_agg_""min""',)","('values__agg_linear_trend__attr_""rvalue""__chunk_len_50__f_agg_""mean""',)","('values__agg_linear_trend__attr_""rvalue""__chunk_len_50__f_agg_""var""',)","('values__agg_linear_trend__attr_""intercept""__chunk_len_5__f_agg_""max""',)","('values__agg_linear_trend__attr_""intercept""__chunk_len_5__f_agg_""min""',)","('values__agg_linear_trend__attr_""intercept""__chunk_len_5__f_agg_""mean""',)","('values__agg_linear_trend__attr_""intercept""__chunk_len_5__f_agg_""var""',)","('values__agg_linear_trend__attr_""intercept""__chunk_len_10__f_agg_""max""',)","('values__agg_linear_trend__attr_""intercept""__chunk_len_10__f_agg_""min""',)","('values__agg_linear_trend__attr_""intercept""__chunk_len_10__f_agg_""mean""',)","('values__agg_linear_trend__attr_""intercept""__chunk_len_10__f_agg_""var""',)","('values__agg_linear_trend__attr_""intercept""__chunk_len_50__f_agg_""max""',)","('values__agg_linear_trend__attr_""intercept""__chunk_len_50__f_agg_""min""',)","('values__agg_linear_trend__attr_""intercept""__chunk_len_50__f_agg_""mean""',)","('values__agg_linear_trend__attr_""intercept""__chunk_len_50__f_agg_""var""',)","('values__agg_linear_trend__attr_""slope""__chunk_len_5__f_agg_""max""',)","('values__agg_linear_trend__attr_""slope""__chunk_len_5__f_agg_""min""',)","('values__agg_linear_trend__attr_""slope""__chunk_len_5__f_agg_""mean""',)","('values__agg_linear_trend__attr_""slope""__chunk_len_5__f_agg_""var""',)","('values__agg_linear_trend__attr_""slope""__chunk_len_10__f_agg_""max""',)","('values__agg_linear_trend__attr_""slope""__chunk_len_10__f_agg_""min""',)","('values__agg_linear_trend__attr_""slope""__chunk_len_10__f_agg_""mean""',)","('values__agg_linear_trend__attr_""slope""__chunk_len_10__f_agg_""var""',)","('values__agg_linear_trend__attr_""slope""__chunk_len_50__f_agg_""max""',)","('values__agg_linear_trend__attr_""slope""__chunk_len_50__f_agg_""min""',)","('values__agg_linear_trend__attr_""slope""__chunk_len_50__f_agg_""mean""',)","('values__agg_linear_trend__attr_""slope""__chunk_len_50__f_agg_""var""',)","('values__agg_linear_trend__attr_""stderr""__chunk_len_5__f_agg_""max""',)","('values__agg_linear_trend__attr_""stderr""__chunk_len_5__f_agg_""min""',)","('values__agg_linear_trend__attr_""stderr""__chunk_len_5__f_agg_""mean""',)","('values__agg_linear_trend__attr_""stderr""__chunk_len_5__f_agg_""var""',)","('values__agg_linear_trend__attr_""stderr""__chunk_len_10__f_agg_""max""',)","('values__agg_linear_trend__attr_""stderr""__chunk_len_10__f_agg_""min""',)","('values__agg_linear_trend__attr_""stderr""__chunk_len_10__f_agg_""mean""',)","('values__agg_linear_trend__attr_""stderr""__chunk_len_10__f_agg_""var""',)","('values__agg_linear_trend__attr_""stderr""__chunk_len_50__f_agg_""max""',)","('values__agg_linear_trend__attr_""stderr""__chunk_len_50__f_agg_""min""',)","('values__agg_linear_trend__attr_""stderr""__chunk_len_50__f_agg_""mean""',)","('values__agg_linear_trend__attr_""stderr""__chunk_len_50__f_agg_""var""',)","('values__augmented_dickey_fuller__attr_""teststat""__autolag_""AIC""',)","('values__augmented_dickey_fuller__attr_""pvalue""__autolag_""AIC""',)","('values__augmented_dickey_fuller__attr_""usedlag""__autolag_""AIC""',)","('values__number_crossing_m__m_0',)","('values__number_crossing_m__m_-1',)","('values__number_crossing_m__m_1',)","('values__energy_ratio_by_chunks__num_segments_10__segment_focus_0',)","('values__energy_ratio_by_chunks__num_segments_10__segment_focus_1',)","('values__energy_ratio_by_chunks__num_segments_10__segment_focus_2',)","('values__energy_ratio_by_chunks__num_segments_10__segment_focus_3',)","('values__energy_ratio_by_chunks__num_segments_10__segment_focus_4',)","('values__energy_ratio_by_chunks__num_segments_10__segment_focus_5',)","('values__energy_ratio_by_chunks__num_segments_10__segment_focus_6',)","('values__energy_ratio_by_chunks__num_segments_10__segment_focus_7',)","('values__energy_ratio_by_chunks__num_segments_10__segment_focus_8',)","('values__energy_ratio_by_chunks__num_segments_10__segment_focus_9',)","('values__ratio_beyond_r_sigma__r_0.5',)","('values__ratio_beyond_r_sigma__r_1',)","('values__ratio_beyond_r_sigma__r_1.5',)","('values__ratio_beyond_r_sigma__r_2',)","('values__ratio_beyond_r_sigma__r_2.5',)","('values__ratio_beyond_r_sigma__r_3',)","('values__ratio_beyond_r_sigma__r_5',)","('values__ratio_beyond_r_sigma__r_6',)","('values__ratio_beyond_r_sigma__r_7',)","('values__ratio_beyond_r_sigma__r_10',)","('values__count_above__t_0',)","('values__count_below__t_0',)","('values__lempel_ziv_complexity__bins_2',)","('values__lempel_ziv_complexity__bins_3',)","('values__lempel_ziv_complexity__bins_5',)","('values__lempel_ziv_complexity__bins_10',)","('values__lempel_ziv_complexity__bins_100',)","('values__fourier_entropy__bins_2',)","('values__fourier_entropy__bins_3',)","('values__fourier_entropy__bins_5',)","('values__fourier_entropy__bins_10',)","('values__fourier_entropy__bins_100',)","('values__permutation_entropy__dimension_3__tau_1',)","('values__permutation_entropy__dimension_4__tau_1',)","('values__permutation_entropy__dimension_5__tau_1',)","('values__permutation_entropy__dimension_6__tau_1',)","('values__permutation_entropy__dimension_7__tau_1',)","('values__query_similarity_count__query_None__threshold_0.0',)","('values__matrix_profile__feature_""min""__threshold_0.98',)","('values__matrix_profile__feature_""max""__threshold_0.98',)","('values__matrix_profile__feature_""mean""__threshold_0.98',)","('values__matrix_profile__feature_""median""__threshold_0.98',)","('values__matrix_profile__feature_""25""__threshold_0.98',)","('values__matrix_profile__feature_""75""__threshold_0.98',)","('RForest_n_leaves_min',)","('RForest_n_leaves_max',)","('RForest_n_leaves_mean',)","('RForest_n_leaves_std',)","('RForest_n_leaves_skewness',)","('RForest_n_leaves_kurtosis',)","('RForest_n_depth_min',)","('RForest_n_depth_max',)","('RForest_n_depth_mean',)","('RForest_n_depth_std',)","('RForest_n_depth_skewness',)","('RForest_n_depth_kurtosis',)","('RForest_fi_mean_min',)","('RForest_fi_mean_max',)","('RForest_fi_mean_mean',)","('RForest_fi_mean_std',)","('RForest_fi_mean_skewness',)","('RForest_fi_mean_kurtosis',)","('RForest_fi_max_min',)","('RForest_fi_max_max',)","('RForest_fi_max_mean',)","('RForest_fi_max_std',)","('RForest_fi_max_skewness',)","('RForest_fi_max_kurtosis',)","('RForest_oob_score',)","('BRidge_coef',)","('BRidge_log_marginal_likelihood',)","('BRidge_weight_precision',)","('BRidge_noise_precision',)","('BRidge_number_iter',)"
0.0,0.0,0.0,1.0,19.990610628528998,14.293108058572063,0.3392018822395728,0.009096244464490644,0.007572315826081765,0.6478873278089381,0.6057760796523939,33.0,0.25721552819449384,0.424604960205905,0.06615982794437246,-0.6520344153758326,-0.20979765415748153,0.658121939023002,10.85446023166633,3.0,3.0,19.0,14.0,0.8484848484848485,0.8181818181818182,0.24242424242424243,0.21212121212121213,0.03125,0.06060606060606061,0.24413145611689657,0.48826291223379314,0.9696969696969697,0.0,1.0,0.0,-0.4370165122138817,-0.004239515013734605,0.01134825592063929,0.006809380931025457,0.19218235787767096,0.21154367378415745,0.22756832184457548,9.335882329426608,2.4013339045251065,0.0,1.0,1.0,1.0,1.0,1.0,1.0,1.0,1.0,1.0,1.0,1.0,1.0,1.0,1.0,1.0,1.0,1.0,1.0,1.0,1.0,1.0,1.0,1.0,1.0,0.0,0.0,0.0,0.0,0.0,0.0,0.0,0.0,0.0,0.0,0.0,0.0,0.0,0.0,0.24413145611689657,0.3859154970328575,0.5521126847366531,0.5990610397219612,0.7032864005701682,0.748356832647103,0.8187793435623207,0.9098591750511205,1.0,-0.3519266052780042,0.04453463218670295,0.09428656219954354,-0.2850850459553309,0.30290676589454707,-0.31194762619352484,0.42616078814842895,-0.16283418473358408,-0.21534071566435095,-0.015447787673252205,-0.017321603334650312,0.09687071833543456,1.0,-0.35192660527800423,-0.09053006305882084,0.09150913028815928,-0.24951894055900695,0.14996641683156098,-0.22198613959201902,0.4174086780827935,-0.12829506906936694,-0.11665479910990839,7.0,4.0,11.0,4.0,2.0,0.0,0.0,2.1201737792007354,0.12121212121212122,0.21212121212121213,0.3333333333333333,0.42424242424242425,0.6060606060606061,0.696969696969697,0.7878787878787878,0.9090909090909091,0.10234439448487025,0.10657628177106154,0.6447210980143988,1.3943554079181453,0.4727108174591114,0.26273788393703174,0.8019458437395144,1.5155660329082954,0.5335179678516231,0.3732796197643947,0.9413883880334349,1.6426366808494173,0.3082368698105561,0.43207895464269935,1.0745781348898462,1.7702296885118813,0.0635665422701372,0.43866970085836854,1.1795188306527735,1.9056810436090332,-0.037195584917782236,0.4204963714529209,1.3548999940824393,2.007771340790462,-0.07385086376963465,0.37708190563097577,1.4580824938379915,2.12477067465848,-0.14156195833003396,0.33277730940946054,1.5558800144259508,2.2335942448814365,-0.1833187003650393,0.31095519665441546,1.701795965721013,2.308752038826201,-0.11836796535192047,0.2937584457709027,1.7158739080141643,2.416665595498274,0.03877573042418623,0.3014987230902632,1.7652188757048577,2.499429638272176,0.20239132295651224,0.31394740120536496,1.7387283915310228,2.5971661714355294,0.24985467180473023,0.34343543191718445,1.783298052656823,2.654721716377684,0.1174942415424965,0.3749653969610959,1.8181646725085634,2.6952649310034427,-0.07867941769581925,0.3905734692547985,1.7718246983931447,2.747667322504166,0.06757341063588654,0.06697270513234246,0.012876581525275207,1.3614793326774806,-0.2464570860532508,-0.11902032279652841,0.0024744677454921205,-0.42488075856037083,-0.06993995124609298,-0.062020376904213914,0.5562973123444975,-0.029734895372342085,-0.3386444613783834,-0.4282835486513191,-0.07981220778756892,0.0,0.07981220778756892,0.0,-0.0798122087676969,0.02271374833084651,0.12441314737591291,0.013605105759244314,-0.0059752456076393205,0.09539990906772694,0.2483994915959684,0.03373330520266297,-0.02891030468445465,0.10662802517252515,0.2478379100437239,0.04604020123463214,0.009096244464490644,0.18011739961857326,0.3392018822395728,0.06514222436706202,0.03990610389378446,0.002430073267477851,0.04929577332264756,0.0015924971279815193,0.055399060999731374,0.013201966241890878,0.10234741833733807,0.0057960281612247505,0.008109261565130184,0.023179988586706522,0.11310286107262742,0.010453491527024157,0.0009883872873797223,0.05827902194694874,0.19273536009228825,0.021133079826474572,0.06572770168402542,0.0,0.06572770168402542,0.0,0.04147104683834731,0.00513138137705225,0.07120501244465889,0.0017810753056766175,0.02816901495143398,0.02328021558754395,0.12582159975049406,0.008242634027104533,0.018779327096229537,8.8165597486086e-05,0.018779327096229537,8.8165597486086e-05,0.028169010246834603,0.008772508424258437,0.07511735739114656,0.00392338418111547,0.0,0.0,0.0,0.0,19.990610628528998,-1.191079678477113,0.8542756478795654,0.492898722350402,0.820072872045431,1.1799981420077374,0.7666382508324808,-0.7647367470075306,-0.4498105193420532,-0.43198949006560394,-0.09548075076610663,-0.1220656927739654,2.3462027669433327,0.9952211614825025,-3.350563440155402,-1.1878347208796436,0.2908356286481143,0.0,0.0,0.0,0.0,0.0,0.0,0.0,0.0,0.0,0.0,0.0,0.0,0.0,0.0,0.0,0.0,0.0,0.0,0.0,0.0,0.0,0.0,0.0,0.0,0.0,0.0,0.0,0.0,0.0,0.0,0.0,0.0,0.0,0.0,0.0,0.0,0.0,0.0,0.0,0.0,0.0,0.0,0.0,0.0,0.0,0.0,0.0,0.0,0.0,0.0,0.0,0.0,0.0,0.0,0.0,0.0,0.0,0.0,0.0,0.0,0.0,0.0,0.0,0.0,0.0,0.0,0.0,0.0,0.0,0.0,0.0,0.0,0.0,0.0,0.0,0.0,0.0,0.0,0.0,0.0,0.0,0.0,0.0,0.0,-0.07823683382414198,0.34603224472675265,-0.17701463282425928,-1.1473859371574213,1.0813651534150197,0.8540364676637442,0.07249110643844836,-0.288375663300698,-1.7385128641507146,1.6543307176779012,0.7481158541523247,0.3080304035812709,0.5107872412152835,0.5801645496154535,-0.4813869874604477,0.24775941314953576,0.0,0.0,0.0,0.0,0.0,0.0,0.0,0.0,0.0,0.0,0.0,0.0,0.0,0.0,0.0,0.0,0.0,0.0,0.0,0.0,0.0,0.0,0.0,0.0,0.0,0.0,0.0,0.0,0.0,0.0,0.0,0.0,0.0,0.0,0.0,0.0,0.0,0.0,0.0,0.0,0.0,0.0,0.0,0.0,0.0,0.0,0.0,0.0,0.0,0.0,0.0,0.0,0.0,0.0,0.0,0.0,0.0,0.0,0.0,0.0,0.0,0.0,0.0,0.0,0.0,0.0,0.0,0.0,0.0,0.0,0.0,0.0,0.0,0.0,0.0,0.0,0.0,0.0,0.0,0.0,0.0,0.0,0.0,19.990610628528998,1.193646431171295,0.9216969116530046,0.5237206609716348,1.4103240777393882,1.6005455976516263,1.1476552164038865,0.7681648603889208,0.5343126673539428,1.791379886664094,1.6570837930592222,0.7580088156390072,2.366336863834689,1.1186459520558332,3.400421484336391,1.2816726398825349,0.3820603220636058,0.0,0.0,0.0,0.0,0.0,0.0,0.0,0.0,0.0,0.0,0.0,0.0,0.0,0.0,0.0,0.0,0.0,0.0,0.0,0.0,0.0,0.0,0.0,0.0,0.0,0.0,0.0,0.0,0.0,0.0,0.0,0.0,0.0,0.0,0.0,0.0,0.0,0.0,0.0,0.0,0.0,0.0,0.0,0.0,0.0,0.0,0.0,0.0,0.0,0.0,0.0,0.0,0.0,0.0,0.0,0.0,0.0,0.0,0.0,0.0,0.0,0.0,0.0,0.0,0.0,0.0,0.0,0.0,0.0,0.0,0.0,0.0,0.0,0.0,0.0,0.0,0.0,0.0,0.0,0.0,0.0,0.0,0.0,0.0,-176.24188863179876,22.050863324570738,-19.75472703795374,-54.44541306278168,42.502535572407496,48.086802774139926,174.58498524199425,-147.33587461037843,-103.95436590474061,93.30319789502971,99.26695674479195,7.479521912364025,27.168705563319083,170.17639361774272,-157.93904512225927,40.42728247801226,0.0,0.0,0.0,0.0,0.0,0.0,0.0,0.0,0.0,0.0,0.0,0.0,0.0,0.0,0.0,0.0,0.0,0.0,0.0,0.0,0.0,0.0,0.0,0.0,0.0,0.0,0.0,0.0,0.0,0.0,0.0,0.0,0.0,0.0,0.0,0.0,0.0,0.0,0.0,0.0,0.0,0.0,0.0,0.0,0.0,0.0,0.0,0.0,0.0,0.0,0.0,0.0,0.0,0.0,0.0,0.0,0.0,0.0,0.0,0.0,0.0,0.0,0.0,0.0,0.0,0.0,0.0,0.0,0.0,0.0,0.0,0.0,0.0,0.0,0.0,0.0,0.0,0.0,0.0,0.0,0.0,0.0,0.0,4.6932922752180914,31.106936792886113,0.6667956140007446,3.2982194859329357,1.0,1.0,0.0,32.0,0.0,33.0,0.03174869831457938,0.26088450338068414,0.7405976389314488,0.6900451928130498,0.6579799260376649,-2.7516077712021834,4.1627102954738,-3.019435746796917,0.9298344996385156,0.6220768257516522,0.9414308817922995,0.013302120093234943,0.6000267897783184,0.0003593306171297176,0.00485125479673499,0.7908260960814388,0.15279988896408062,0.28404554088765654,0.3578747583810855,0.467640061511154,0.4880242563113342,0.3281291506830994,0.20680123514821633,0.0,0.0,0.0,0.0,0.7671026265958301,0.22535211403876254,0.5775206889414486,0.03837313766959569,0.8910798244319004,0.09671361589592137,0.585978099860354,0.050023429437627505,0.0,0.0,0.0,0.0,0.036049631751120206,0.014755198317229254,0.010429242115044597,0.007180254131733339,0.020187793780627315,0.07793427311770103,0.01938967178116152,0.006066602110360164,0.0,0.0,0.0,0.0,0.012477147143265192,0.04267828656617669,0.01574391311429671,0.008378445987520185,0.02698202964099531,0.09856024652934639,0.039470597359276154,0.020294869979992202,0.0,0.0,0.0,0.0,-7.7571876125824115,9.667304451371889e-12,0.0,2.0,0.0,0.0,0.10404586839227818,0.07674134735085592,0.14136482408446013,0.09364436506786036,0.11306872866937476,0.13563590626705205,0.06795905386794941,0.08909206748056168,0.07714537532493523,0.10130246349467228,0.6060606060606061,0.36363636363636365,0.12121212121212122,0.06060606060606061,0.0,0.0,0.0,0.0,0.0,0.0,1.0,0.030303030303030304,0.24242424242424243,0.3333333333333333,0.48484848484848486,0.6060606060606061,0.9090909090909091,0.362210557135449,0.6779087256441981,1.006214565944081,1.6242225882334722,2.6701198898068172,1.782765921848768,3.0315188853635178,3.367295829986473,3.3322045101752034,3.295836866004329,0.0,0.0,0.0,0.0,0.0,0.0,0.0,8.0,13.0,10.78,1.2375782803523987,-0.33685278658022605,-0.6080621688164065,4.0,7.0,5.16,0.7838367176906169,0.08511817384183035,-0.6721394856770821,0.062499999999999986,0.06250000000000001,0.0625,5.8468159294502705e-18,0.6184636810305997,1.5030747867486607,0.49971055319220337,0.8915059948957035,0.6934222560281812,0.10322083804971646,0.030646732137973007,-1.076849645180026,0.07959608812569918,-0.11290473011926301,-2.0304141829957127,21.63344388959919,24.315803423686347,32.0
